  1.4684893e-001  5.0055942e-001 -6.6410316e-001 -1.8465176e-001 -1.4453100e+000 -7.0691647e-001  9.8000000e-001 -9.8000000e-001 -9.8000000e-001
 -1.2438533e+000 -7.4756031e-001 -1.4506553e+000 -1.0398395e+000 -2.6395811e-001 -5.7862085e-001  9.8000000e-001 -9.8000000e-001 -9.8000000e-001
  4.8358763e-001  4.6717684e-001 -9.9101525e-002  2.7264249e-001 -8.9623651e-001 -7.9413698e-001  9.8000000e-001 -9.8000000e-001 -9.8000000e-001
 -6.2563635e-001 -7.8841794e-001 -1.2726874e+000 -2.1552741e-001 -7.3227108e-001 -4.8931497e-001  9.8000000e-001 -9.8000000e-001 -9.8000000e-001
 -1.1746253e+000 -3.6179016e-001 -1.4447498e+000 -1.2385764e+000  9.3165615e-001 -6.4075257e-001  9.8000000e-001 -9.8000000e-001 -9.8000000e-001
 -4.0981153e-001 -1.6770888e-001 -7.9578230e-001 -4.0119183e-001  1.9875297e-001 -5.4069942e-001  9.8000000e-001 -9.8000000e-001 -9.8000000e-001
 -9.6924799e-001 -4.0057320e-001 -4.9801034e-001 -9.4593587e-001  5.3180425e-001 -3.4632624e-001  9.8000000e-001 -9.8000000e-001 -9.8000000e-001
 -1.3813867e+000 -1.2521507e+000 -5.3800497e-001 -8.4022025e-001 -2.5289695e+000 -6.8245265e-001  9.8000000e-001 -9.8000000e-001 -9.8000000e-001
 -6.2599894e-001 -4.4981009e-001 -1.1100765e+000 -4.6846067e-001 -6.9626245e-001 -9.0850811e-001  9.8000000e-001 -9.8000000e-001 -9.8000000e-001
 -1.6978059e+000  1.7285327e-002 -1.9635013e+000 -2.1930298e+000  1.6029761e-001 -6.8683737e-001  9.8000000e-001 -9.8000000e-001 -9.8000000e-001
 -4.0173322e-001  2.9155775e-001 -1.0149221e+000 -7.3324995e-001 -5.2217169e-001 -5.1257696e-001  9.8000000e-001 -9.8000000e-001 -9.8000000e-001
 -1.8544499e-001  6.6405309e-001 -2.6576008e-001 -7.3324995e-001 -8.3655229e-002 -5.4659956e-001  9.8000000e-001 -9.8000000e-001 -9.8000000e-001
 -9.3857379e-001 -5.0006646e-001 -8.5329913e-001 -8.3236466e-001  4.6519527e-001 -5.5594810e-001  9.8000000e-001 -9.8000000e-001 -9.8000000e-001
  1.9367765e-001  2.8173382e-001  1.4129002e-001  3.8638132e-002 -4.2134149e-001 -7.1671775e-001  9.8000000e-001 -9.8000000e-001 -9.8000000e-001
 -1.2646834e+000 -4.0946620e-001 -1.1281049e+000 -1.3186719e+000  3.9336542e-001 -6.6209141e-001  9.8000000e-001 -9.8000000e-001 -9.8000000e-001
 -1.0887749e+000 -5.2843459e-001 -1.1753944e+000 -1.0040855e+000 -1.0024117e-001 -7.3327505e-001  9.8000000e-001 -9.8000000e-001 -9.8000000e-001
 -9.6155215e-001 -3.3620628e-001 -7.5985417e-001 -9.8404598e-001  1.2420134e+000 -5.2836957e-001  9.8000000e-001 -9.8000000e-001 -9.8000000e-001
  1.4950570e-001  6.8652618e-001  1.1151575e-001 -3.1989794e-001 -8.6325749e-001 -2.8001252e-001  9.8000000e-001 -9.8000000e-001 -9.8000000e-001
 -8.6768459e-001 -4.4695012e-001 -1.1659230e+000 -7.8094009e-001  4.5185532e-003 -8.3292425e-001  9.8000000e-001 -9.8000000e-001 -9.8000000e-001
 -1.4139147e+000  5.2115894e-001 -1.2358979e+000 -2.2041775e+000 -1.7597600e-001 -7.8634245e-001  9.8000000e-001 -9.8000000e-001 -9.8000000e-001
 -3.6966468e-001  9.1000860e-001 -8.9474644e-001 -1.1531909e+000  2.6479358e-001 -6.5831018e-001  9.8000000e-001 -9.8000000e-001 -9.8000000e-001
 -9.8138654e-001 -1.0330777e-001 -2.6576008e-001 -1.1831655e+000 -6.4945379e-001 -4.6071159e-001  9.8000000e-001 -9.8000000e-001 -9.8000000e-001
 -9.2510792e-001  4.3846720e-001 -1.3552294e+000 -1.5148485e+000 -5.1419550e-001 -6.2952574e-001  9.8000000e-001 -9.8000000e-001 -9.8000000e-001
  3.7029275e-001  7.3430600e-001 -1.4295159e-001 -7.2011555e-002 -3.3367207e-001 -7.5354951e-001  9.8000000e-001 -9.8000000e-001 -9.8000000e-001
 -5.6144656e-001 -2.1388277e-001 -5.0673485e-001 -5.6147793e-001 -4.3010354e-001 -4.1074358e-001  9.8000000e-001 -9.8000000e-001 -9.8000000e-001
 -9.0273315e-001 -9.8901960e-003 -1.3016207e+000 -1.1518197e+000  4.4805727e-003 -5.5185336e-001  9.8000000e-001 -9.8000000e-001 -9.8000000e-001
 -1.2666939e+000 -4.5525882e-001 -6.4303592e-001 -1.2871105e+000  5.2513817e-001 -6.2817619e-001  9.8000000e-001 -9.8000000e-001 -9.8000000e-001
 -5.2279265e-002  1.4443391e+000 -2.8946098e-001 -1.1440377e+000  1.0585408e-001 -6.6089063e-001  9.8000000e-001 -9.8000000e-001 -9.8000000e-001
 -1.6831956e+000 -9.7085132e-001 -1.4900300e+000 -1.4375093e+000 -3.0693059e-001 -5.8317842e-001  9.8000000e-001 -9.8000000e-001 -9.8000000e-001
 -1.6479931e+000 -1.0544660e+000 -8.5871921e-001 -1.3299625e+000  1.0770950e+000 -5.2938717e-001  9.8000000e-001 -9.8000000e-001 -9.8000000e-001
 -1.4384107e+000  1.8988494e-001 -1.6832393e+000 -1.9886332e+000  1.4732599e+000 -7.0715848e-001  9.8000000e-001 -9.8000000e-001 -9.8000000e-001
 -2.6997137e-001  1.1295216e+000 -2.2854219e-001 -1.1888453e+000  4.0482370e-001 -6.2526295e-001  9.8000000e-001 -9.8000000e-001 -9.8000000e-001
 -4.6861360e-001  1.4675161e-001 -8.6548532e-001 -7.1116246e-001 -1.0218860e-001 -6.5502202e-001  9.8000000e-001 -9.8000000e-001 -9.8000000e-001
 -1.4506528e+000 -5.8362879e-001 -1.9586311e+000 -1.4276176e+000 -8.2462209e-001 -7.9227433e-001  9.8000000e-001 -9.8000000e-001 -9.8000000e-001
 -3.8533616e-001  1.6864165e-001 -1.0322197e+000 -6.2054775e-001  2.8160649e-001 -5.5823734e-001  9.8000000e-001 -9.8000000e-001 -9.8000000e-001
  3.3584162e-001  8.7777108e-001 -2.3881181e-001 -2.2321830e-001  2.4772362e-001 -7.2143294e-001  9.8000000e-001 -9.8000000e-001 -9.8000000e-001
  9.9752873e-001  3.8346283e-001  6.7362667e-001  9.9500856e-001 -2.3292154e-001  1.6910622e-002 -9.8000000e-001  9.8000000e-001 -9.8000000e-001
  6.7180761e-001  1.4021860e-001 -5.0173893e-002  7.5811621e-001 -2.7840636e-001 -6.7325105e-001 -9.8000000e-001  9.8000000e-001 -9.8000000e-001
  5.6419736e-001  2.2261358e+000  8.7244894e-001 -9.3533545e-001  2.2981183e+000  3.1705148e+000 -9.8000000e-001  9.8000000e-001 -9.8000000e-001
  1.5233328e+000  1.8484796e+000  9.3187752e-001  5.7786658e-001  1.6139701e+000  2.2514984e+000 -9.8000000e-001  9.8000000e-001 -9.8000000e-001
 -9.9446126e-002 -9.8675579e-001  7.5886944e-002  6.0803177e-001 -1.4582074e+000  6.7327172e-001 -9.8000000e-001  9.8000000e-001 -9.8000000e-001
  1.6318407e+000  1.1537021e+000 -2.3534829e-001  1.2352304e+000  2.8865478e-001  6.7917641e-001 -9.8000000e-001  9.8000000e-001 -9.8000000e-001
  9.1836105e-001  2.4832696e+000  2.8398471e-001 -6.7227631e-001  4.7654669e-001  6.3448829e-001 -9.8000000e-001  9.8000000e-001 -9.8000000e-001
 -1.3893282e-001 -2.7029312e-001  1.4939535e+000  2.3129113e-002 -3.2536436e-001  6.3742823e-001 -9.8000000e-001  9.8000000e-001 -9.8000000e-001
  9.9547156e-001  4.8860579e-001  2.2615988e+000  9.1397186e-001  3.8559032e-001  9.2958991e-001 -9.8000000e-001  9.8000000e-001 -9.8000000e-001
  5.7451593e-001 -4.0694458e-001  4.9957090e-001  1.0411521e+000 -1.1701351e+000 -2.0188647e-002 -9.8000000e-001  9.8000000e-001 -9.8000000e-001
 -6.2161806e-001 -1.1066798e+000  5.7619203e-002  2.6930043e-002 -5.2982445e-001 -2.5587648e-002 -9.8000000e-001  9.8000000e-001 -9.8000000e-001
  9.8121197e-001  1.1843857e+000  6.0910498e-001  3.7688431e-001  3.9803339e-002  1.7909688e+000 -9.8000000e-001  9.8000000e-001 -9.8000000e-001
  2.6206683e-001 -7.6981468e-001  3.1286448e-001  9.1049593e-001 -1.7407429e+000  6.2302627e-001 -9.8000000e-001  9.8000000e-001 -9.8000000e-001
  1.0401925e+000  1.5869909e+000  1.3121928e+000  1.5243638e-001  1.5493634e+000  1.3540947e+000 -9.8000000e-001  9.8000000e-001 -9.8000000e-001
  1.4215342e+000  1.2057232e+000  1.6934977e+000  9.2638994e-001  6.7523318e-001  1.1987659e+000 -9.8000000e-001  9.8000000e-001 -9.8000000e-001
 -1.0718676e+000 -2.4077713e+000  8.6067777e-001  4.1886766e-001 -4.7568475e-001  2.7742370e-002 -9.8000000e-001  9.8000000e-001 -9.8000000e-001
  5.3723212e-001  1.7350293e-001 -1.8491526e-001  5.6049173e-001 -1.6091221e+000  6.6223617e-001 -9.8000000e-001  9.8000000e-001 -9.8000000e-001
  1.3566130e+000  5.5299983e-001  1.8977289e+000  1.3296988e+000  5.0501065e-001  1.4446304e+000 -9.8000000e-001  9.8000000e-001 -9.8000000e-001
  8.2502587e-001 -3.2184621e-001 -1.0472600e+000  1.2993806e+000 -8.0634778e-001  2.8542768e-001 -9.8000000e-001  9.8000000e-001 -9.8000000e-001
 -7.2149287e-001 -1.1845922e+000  2.7628619e-001 -4.3226714e-002 -1.6877871e+000  1.7410416e-001 -9.8000000e-001  9.8000000e-001 -9.8000000e-001
  5.3864429e-001 -3.7622226e-001  3.2710194e-001  9.7218286e-001  7.5841554e-002 -2.2317229e-001 -9.8000000e-001  9.8000000e-001 -9.8000000e-001
  5.2966782e-001  3.5769497e-001  4.5039465e-002  4.1344397e-001 -8.3917705e-002  7.5934271e-001 -9.8000000e-001  9.8000000e-001 -9.8000000e-001
  1.2332980e+000  2.5784957e-001  1.0040663e+000  1.3914163e+000  1.1296749e-001  7.7771437e-001 -9.8000000e-001  9.8000000e-001 -9.8000000e-001
 -4.8106925e-001 -3.2987428e-002  1.4101514e+000 -5.9314238e-001  1.4306017e+000  7.6259803e-001 -9.8000000e-001  9.8000000e-001 -9.8000000e-001
  1.5970652e+000  2.2283284e+000  1.6084640e+000  3.8932872e-001 -9.9052345e-002  8.1124011e-001 -9.8000000e-001  9.8000000e-001 -9.8000000e-001
  6.7051708e-001  7.1519575e-001  1.5060359e+000  3.2775329e-001 -8.0708817e-001  8.0218970e-001 -9.8000000e-001  9.8000000e-001 -9.8000000e-001
  1.4384295e+000  7.3545501e-002  2.6308678e+000  1.7922424e+000 -5.4514898e-001  8.6765437e-001 -9.8000000e-001  9.8000000e-001 -9.8000000e-001
  3.0510950e-001 -7.7035305e-001 -5.9719240e-002  9.6616815e-001 -1.0156427e+000  3.4640190e-001 -9.8000000e-001  9.8000000e-001 -9.8000000e-001
  1.0879817e+000  6.3966741e-001 -6.0009663e-001  9.2013123e-001 -1.4490949e+000  2.7715577e-001 -9.8000000e-001  9.8000000e-001 -9.8000000e-001
  1.8292355e+000  1.7834995e+000  1.3736092e+000  1.0191238e+000 -1.6498181e-001  8.4562487e-001 -9.8000000e-001  9.8000000e-001 -9.8000000e-001
  1.3463579e+000  2.7231382e-001  1.3570972e+000  1.5258111e+000  5.6764323e-001  1.1444087e+000 -9.8000000e-001  9.8000000e-001 -9.8000000e-001
 -9.4236982e-001 -1.6428050e+000 -7.5082902e-001  1.4792316e-002 -1.4752566e+000 -6.3528245e-002 -9.8000000e-001  9.8000000e-001 -9.8000000e-001
  1.0387596e+000 -3.4976486e-001  1.4963478e+000  1.5946510e+000 -9.9039179e-001 -3.7018641e-001 -9.8000000e-001  9.8000000e-001 -9.8000000e-001
 -5.6111234e-001 -8.4710363e-001  2.3547781e-001 -8.8916202e-002 -2.9225876e+000 -8.6668116e-002 -9.8000000e-001  9.8000000e-001 -9.8000000e-001
  1.1789571e+000  1.6947469e-001  5.2341749e-001  1.3875302e+000 -2.1362180e+000  4.7580859e-001 -9.8000000e-001  9.8000000e-001 -9.8000000e-001
  1.1694742e+000  8.7942316e-001  4.8330052e-001  8.4601228e-001  1.6390899e-001  6.9679275e-001 -9.8000000e-001  9.8000000e-001 -9.8000000e-001
 -7.0650701e-001 -9.0625425e-003 -2.1186354e-001 -9.0046409e-001  8.3046780e-001 -7.2439670e-001 -9.8000000e-001 -9.8000000e-001  9.8000000e-001
 -1.7262600e+000 -4.1843703e-001 -8.6382173e-001 -1.9046908e+000  1.8389096e+000 -7.5353570e-001 -9.8000000e-001 -9.8000000e-001  9.8000000e-001
 -5.5600268e-001 -1.0856778e+000 -1.1336819e+000  9.5527141e-002  1.7336445e-002 -7.2831174e-001 -9.8000000e-001 -9.8000000e-001  9.8000000e-001
 -5.1471996e-001 -1.5721686e-001 -9.1251866e-001 -5.4372698e-001  8.6087921e-001 -6.7327267e-001 -9.8000000e-001 -9.8000000e-001  9.8000000e-001
  2.2134481e-001  8.7782345e-001 -5.2385582e-002 -3.7028197e-001 -8.8177303e-001 -6.1712124e-001 -9.8000000e-001 -9.8000000e-001  9.8000000e-001
 -3.2174027e-001 -1.1667749e+000  5.7619203e-002  4.5680840e-001  6.7953871e-001 -7.1695941e-001 -9.8000000e-001 -9.8000000e-001  9.8000000e-001
 -4.4702339e-002 -9.8097776e-001  1.8392497e-001  6.7401980e-001  5.4466930e-001 -6.1400780e-001 -9.8000000e-001 -9.8000000e-001  9.8000000e-001
  2.0090301e-001 -1.4806437e-001  6.0325365e-001  3.6837579e-001  1.8351564e+000 -5.3243455e-001 -9.8000000e-001 -9.8000000e-001  9.8000000e-001
 -1.3024730e+000 -9.2334608e-001 -1.3848233e+000 -9.8404598e-001  4.4173550e-001 -5.9668535e-001 -9.8000000e-001 -9.8000000e-001  9.8000000e-001
 -9.8977067e-001 -7.4408803e-001 -8.5688533e-001 -7.1616259e-001  1.4656820e+000 -7.8306463e-001 -9.8000000e-001 -9.8000000e-001  9.8000000e-001
  2.9676230e-001  5.5904403e-001  5.7406557e-001 -3.5755362e-002  4.6610877e-001 -8.0885996e-001 -9.8000000e-001 -9.8000000e-001  9.8000000e-001
  1.9915952e-001  2.4262536e-001 -6.3349356e-001  7.4836826e-002 -3.6453998e-001 -9.9456446e-001 -9.8000000e-001 -9.8000000e-001  9.8000000e-001
  9.5387723e-002 -3.5788655e-001  3.2710194e-001  3.8932872e-001  1.1534688e+000 -5.6821464e-001 -9.8000000e-001 -9.8000000e-001  9.8000000e-001
  4.9361818e-001 -4.2474939e-001  1.9614103e-001  9.5054719e-001  6.5260347e-001 -4.1174346e-001 -9.8000000e-001 -9.8000000e-001  9.8000000e-001
 -1.4995330e+000 -1.0019693e+000 -4.8134628e-001 -1.1784676e+000  4.5557663e-001 -8.0885036e-001 -9.8000000e-001 -9.8000000e-001  9.8000000e-001
 -6.1894848e-001 -8.0571586e-002 -1.2897945e+000 -7.3471325e-001  2.6393362e-001 -6.4920179e-001 -9.8000000e-001 -9.8000000e-001  9.8000000e-001
 -7.6448176e-001 -8.9616764e-001 -8.8232301e-001 -3.1347923e-001  1.9946247e-001 -6.5672711e-001 -9.8000000e-001 -9.8000000e-001  9.8000000e-001
 -5.6527434e-001  2.6899968e-001 -8.0472556e-001 -9.2643266e-001  3.3211202e-001 -6.3921270e-001 -9.8000000e-001 -9.8000000e-001  9.8000000e-001
 -1.1458030e+000 -1.5694224e+000 -1.0407044e-001 -3.0114940e-001  1.6014036e+000 -6.8234297e-001 -9.8000000e-001 -9.8000000e-001  9.8000000e-001
  1.9120868e-001  3.7993365e-001  7.5827433e-001 -3.7750522e-002  1.2237664e-001 -3.7045930e-001 -9.8000000e-001 -9.8000000e-001  9.8000000e-001
  7.2282519e-001  2.0324564e-001  4.8917270e-001  7.7663430e-001 -5.0209649e-001 -6.7848413e-001 -9.8000000e-001 -9.8000000e-001  9.8000000e-001
  4.0852379e-001 -2.8853762e-001  3.2717897e-001  7.3971786e-001  4.2888361e-001 -8.6926677e-003 -9.8000000e-001 -9.8000000e-001  9.8000000e-001
 -3.3325365e-001 -7.7838182e-001 -2.1186354e-001  1.5243638e-001  3.8426061e-001 -4.8088042e-001 -9.8000000e-001 -9.8000000e-001  9.8000000e-001
 -3.6865011e-001 -5.6030443e-001 -4.8134628e-001 -5.5615559e-002  3.2201749e-001 -6.9605492e-001 -9.8000000e-001 -9.8000000e-001  9.8000000e-001
  8.4004012e-001 -2.6189354e-001  9.6967550e-002  1.2739593e+000 -9.2174722e-001 -6.5768336e-001 -9.8000000e-001 -9.8000000e-001  9.8000000e-001
 -3.4769011e-001 -1.0713987e+000 -2.6576008e-001  3.5237340e-001 -4.6026202e-001 -8.1747229e-001 -9.8000000e-001 -9.8000000e-001  9.8000000e-001
 -7.1510412e-001 -7.9419894e-001 -6.5861632e-001 -3.2610207e-001  1.3292899e+000 -5.5743308e-001 -9.8000000e-001 -9.8000000e-001  9.8000000e-001
 -4.4292229e-001 -8.1256815e-001 -2.6640405e-001  3.7101061e-002  3.8825847e-001 -6.5071003e-001 -9.8000000e-001 -9.8000000e-001  9.8000000e-001
 -1.0039577e+000 -7.5598606e-001 -1.2392315e+000 -7.2550885e-001  4.1650432e-001 -6.5378896e-001 -9.8000000e-001 -9.8000000e-001  9.8000000e-001
  3.9410849e-001 -8.2462084e-002 -5.0173893e-002  5.6755635e-001  1.4771019e+000 -5.6807518e-001 -9.8000000e-001 -9.8000000e-001  9.8000000e-001
 -5.3207893e-001 -3.9083430e-001 -1.0063753e+000 -3.9183122e-001  1.0051129e+000 -6.5251491e-001 -9.8000000e-001 -9.8000000e-001  9.8000000e-001
 -6.7848639e-001  4.7454474e-002  3.7226554e-003 -9.0662235e-001  1.5941391e+000 -4.2210446e-001 -9.8000000e-001 -9.8000000e-001  9.8000000e-001
 -6.0397923e-001 -4.1093545e-001 -9.4175535e-001 -4.6917042e-001  9.1156620e-002 -6.1788635e-001 -9.8000000e-001 -9.8000000e-001  9.8000000e-001
  2.1842311e-001 -3.0424220e-001 -4.3270445e-001  5.0732019e-001 -1.9015657e-001 -5.4168710e-001 -9.8000000e-001 -9.8000000e-001  9.8000000e-001
 -7.7106121e-002 -2.9775928e-001 -4.7061237e-001  1.2299929e-001  2.3390396e-001 -6.2478164e-001 -9.8000000e-001 -9.8000000e-001  9.8000000e-001
 -1.5928369e+000 -1.7852629e+000 -1.7710328e+000 -7.1425106e-001  1.8531849e-001 -4.5108543e-001 -9.8000000e-001 -9.8000000e-001  9.8000000e-001
